0.100000E+12    4.07740    
0.101625E+12    4.07740    
0.103276E+12    4.07740    
0.104954E+12    4.07740    
0.106660E+12    4.07740    
0.108393E+12    4.07740    
0.110154E+12    4.07740    
0.111944E+12    4.07740    
0.113763E+12    4.07740    
0.115611E+12    4.07739    
0.117490E+12    4.07739    
0.119399E+12    4.07739    
0.121339E+12    4.07739    
0.123310E+12    4.07739    
0.125314E+12    4.07739    
0.127350E+12    4.07739    
0.129420E+12    4.07739    
0.131522E+12    4.07739    
0.133660E+12    4.07739    
0.135831E+12    4.07739    
0.138038E+12    4.07739    
0.140281E+12    4.07739    
0.142561E+12    4.07739    
0.144877E+12    4.07739    
0.147231E+12    4.07738    
0.149624E+12    4.07738    
0.152055E+12    4.07738    
0.154525E+12    4.07738    
0.157036E+12    4.07738    
0.159588E+12    4.07738    
0.162181E+12    4.07738    
0.164816E+12    4.07738    
0.167494E+12    4.07738    
0.170216E+12    4.07737    
0.172982E+12    4.07737    
0.175792E+12    4.07737    
0.178649E+12    4.07737    
0.181552E+12    4.07737    
0.184502E+12    4.07737    
0.187499E+12    4.07737    
0.190546E+12    4.07737    
0.193642E+12    4.07736    
0.196789E+12    4.07736    
0.199986E+12    4.07736    
0.203236E+12    4.07736    
0.206538E+12    4.07736    
0.209894E+12    4.07736    
0.213304E+12    4.07735    
0.216770E+12    4.07735    
0.220293E+12    4.07735    
0.223872E+12    4.07735    
0.227510E+12    4.07735    
0.231206E+12    4.07734    
0.234963E+12    4.07734    
0.238781E+12    4.07734    
0.242661E+12    4.07734    
0.246604E+12    4.07733    
0.250611E+12    4.07733    
0.254683E+12    4.07733    
0.258821E+12    4.07733    
0.263027E+12    4.07732    
0.267301E+12    4.07732    
0.271644E+12    4.07732    
0.276058E+12    4.07731    
0.280543E+12    4.07731    
0.285102E+12    4.07731    
0.289734E+12    4.07730    
0.294442E+12    4.07730    
0.299226E+12    4.07730    
0.304089E+12    4.07729    
0.309030E+12    4.07729    
0.314051E+12    4.07729    
0.319154E+12    4.07728    
0.324340E+12    4.07728    
0.329610E+12    4.07727    
0.334965E+12    4.07727    
0.340408E+12    4.07726    
0.345939E+12    4.07726    
0.351560E+12    4.07725    
0.357273E+12    4.07725    
0.363078E+12    4.07724    
0.368978E+12    4.07724    
0.374973E+12    4.07723    
0.381066E+12    4.07723    
0.387258E+12    4.07722    
0.393550E+12    4.07721    
0.399945E+12    4.07721    
0.406443E+12    4.07720    
0.413048E+12    4.07719    
0.419759E+12    4.07719    
0.426580E+12    4.07718    
0.433511E+12    4.07717    
0.440555E+12    4.07716    
0.447713E+12    4.07716    
0.454988E+12    4.07715    
0.462381E+12    4.07714    
0.469894E+12    4.07713    
0.477529E+12    4.07712    
0.485289E+12    4.07711    
0.493174E+12    4.07710    
0.501187E+12    4.07709    
0.509331E+12    4.07708    
0.517607E+12    4.07707    
0.526017E+12    4.07706    
0.534564E+12    4.07705    
0.543250E+12    4.07704    
0.552077E+12    4.07703    
0.561048E+12    4.07701    
0.570164E+12    4.07700    
0.579429E+12    4.07699    
0.588844E+12    4.07697    
0.598412E+12    4.07696    
0.608135E+12    4.07694    
0.618016E+12    4.07693    
0.628058E+12    4.07691    
0.638263E+12    4.07690    
0.648634E+12    4.07688    
0.659174E+12    4.07686    
0.669885E+12    4.07685    
0.680769E+12    4.07683    
0.691831E+12    4.07681    
0.703072E+12    4.07679    
0.714496E+12    4.07677    
0.726106E+12    4.07675    
0.737904E+12    4.07673    
0.749894E+12    4.07671    
0.762079E+12    4.07668    
0.774462E+12    4.07666    
0.787046E+12    4.07664    
0.799834E+12    4.07661    
0.812831E+12    4.07659    
0.826038E+12    4.07656    
0.839460E+12    4.07653    
0.853100E+12    4.07651    
0.866962E+12    4.07648    
0.881049E+12    4.07645    
0.895365E+12    4.07642    
0.909913E+12    4.07638    
0.924698E+12    4.07635    
0.939723E+12    4.07632    
0.954993E+12    4.07628    
0.970510E+12    4.07625    
0.986279E+12    4.07621    
0.100231E+13    4.07617    
0.101859E+13    4.07613    
0.103514E+13    4.07609    
0.105196E+13    4.07605    
0.106905E+13    4.07601    
0.108643E+13    4.07597    
0.110408E+13    4.07592    
0.112202E+13    4.07587    
0.114025E+13    4.07583    
0.115878E+13    4.07578    
0.117761E+13    4.07573    
0.119674E+13    4.07567    
0.121619E+13    4.07562    
0.123595E+13    4.07556    
0.125603E+13    4.07551    
0.127644E+13    4.07545    
0.129718E+13    4.07539    
0.131826E+13    4.07533    
0.133968E+13    4.07526    
0.136144E+13    4.07520    
0.138357E+13    4.07513    
0.140605E+13    4.07506    
0.142889E+13    4.07499    
0.145211E+13    4.07491    
0.147571E+13    4.07484    
0.149968E+13    4.07476    
0.152405E+13    4.07468    
0.154882E+13    4.07460    
0.157398E+13    4.07451    
0.159956E+13    4.07443    
0.162555E+13    4.07434    
0.165196E+13    4.07424    
0.167880E+13    4.07415    
0.170608E+13    4.07405    
0.173380E+13    4.07395    
0.176198E+13    4.07385    
0.179061E+13    4.07375    
0.181970E+13    4.07364    
0.184927E+13    4.07353    
0.187932E+13    4.07342    
0.190985E+13    4.07330    
0.194089E+13    4.07318    
0.197242E+13    4.07306    
0.200447E+13    4.07293    
0.203704E+13    4.07280    
0.207014E+13    4.07267    
0.210378E+13    4.07254    
0.213796E+13    4.07240    
0.217270E+13    4.07226    
0.220800E+13    4.07211    
0.224388E+13    4.07196    
0.228034E+13    4.07181    
0.231739E+13    4.07165    
0.235505E+13    4.07149    
0.239332E+13    4.07133    
0.243220E+13    4.07116    
0.247172E+13    4.07099    
0.251189E+13    4.07081    
0.255270E+13    4.07063    
0.259418E+13    4.07044    
0.263633E+13    4.07025    
0.267917E+13    4.07006    
0.272270E+13    4.06986    
0.276694E+13    4.06966    
0.281190E+13    4.06945    
0.285759E+13    4.06924    
0.290402E+13    4.06902    
0.295121E+13    4.06880    
0.299916E+13    4.06858    
0.304789E+13    4.06834    
0.309742E+13    4.06811    
0.314775E+13    4.06786    
0.319890E+13    4.06762    
0.325087E+13    4.06736    
0.330370E+13    4.06711    
0.335738E+13    4.06684    
0.341193E+13    4.06657    
0.346737E+13    4.06630    
0.352371E+13    4.06602    
0.358096E+13    4.06573    
0.363915E+13    4.06544    
0.369828E+13    4.06514    
0.375837E+13    4.06483    
0.381944E+13    4.06452    
0.388150E+13    4.06420    
0.394457E+13    4.06387    
0.400867E+13    4.06354    
0.407380E+13    4.06320    
0.414000E+13    4.06285    
0.420727E+13    4.06250    
0.427563E+13    4.06214    
0.434510E+13    4.06177    
0.441570E+13    4.06139    
0.448745E+13    4.06101    
0.456037E+13    4.06061    
0.463447E+13    4.06021    
0.470977E+13    4.05980    
0.478630E+13    4.05939    
0.486407E+13    4.05896    
0.494311E+13    4.05852    
0.502343E+13    4.05808    
0.510505E+13    4.05763    
0.518800E+13    4.05716    
0.527230E+13    4.05669    
0.535797E+13    4.05621    
0.544503E+13    4.05571    
0.553350E+13    4.05521    
0.562341E+13    4.05470    
0.571479E+13    4.05417    
0.580764E+13    4.05364    
0.590201E+13    4.05309    
0.599791E+13    4.05253    
0.609537E+13    4.05196    
0.619441E+13    4.05138    
0.629506E+13    4.05078    
0.639735E+13    4.05018    
0.650130E+13    4.04956    
0.660693E+13    4.04892    
0.671429E+13    4.04828    
0.682339E+13    4.04762    
0.693426E+13    4.04694    
0.704693E+13    4.04625    
0.716143E+13    4.04555    
0.727780E+13    4.04483    
0.739605E+13    4.04410    
0.751623E+13    4.04335    
0.763836E+13    4.04258    
0.776247E+13    4.04180    
0.788860E+13    4.04100    
0.801678E+13    4.04018    
0.814704E+13    4.03935    
0.827942E+13    4.03850    
0.841395E+13    4.03762    
0.855067E+13    4.03674    
0.868960E+13    4.03583    
0.883080E+13    4.03490    
0.897429E+13    4.03395    
0.912011E+13    4.03298    
0.926830E+13    4.03199    
0.941890E+13    4.03098    
0.957194E+13    4.02995    
0.972747E+13    4.02890    
0.988553E+13    4.02782    
0.100462E+14    4.02672    
0.102094E+14    4.02559    
0.103753E+14    4.02444    
0.105439E+14    4.02327    
0.107152E+14    4.02207    
0.108893E+14    4.02085    
0.110662E+14    4.01959    
0.112460E+14    4.01832    
0.114288E+14    4.01701    
0.116145E+14    4.01568    
0.118032E+14    4.01431    
0.119950E+14    4.01292    
0.121899E+14    4.01150    
0.123880E+14    4.01004    
0.125893E+14    4.00856    
0.127938E+14    4.00704    
0.130017E+14    4.00549    
0.132130E+14    4.00391    
0.134276E+14    4.00229    
0.136458E+14    4.00064    
0.138676E+14    3.99895    
0.140929E+14    3.99722    
0.143219E+14    3.99546    
0.145546E+14    3.99366    
0.147911E+14    3.99182    
0.150314E+14    3.98994    
0.152757E+14    3.98803    
0.155239E+14    3.98606    
0.157761E+14    3.98406    
0.160325E+14    3.98201    
0.162930E+14    3.97992    
0.165577E+14    3.97779    
0.168267E+14    3.97560    
0.171002E+14    3.97337    
0.173780E+14    3.97109    
0.176604E+14    3.96876    
0.179473E+14    3.96638    
0.182390E+14    3.96395    
0.185353E+14    3.96147    
0.188365E+14    3.95893    
0.191426E+14    3.95633    
0.194536E+14    3.95368    
0.197697E+14    3.95097    
0.200909E+14    3.94820    
0.204174E+14    3.94537    
0.207491E+14    3.94248    
0.210863E+14    3.93952    
0.214289E+14    3.93650    
0.217771E+14    3.93341    
0.221309E+14    3.93025    
0.224905E+14    3.92703    
0.228560E+14    3.92373    
0.232274E+14    3.92036    
0.236048E+14    3.91692    
0.239883E+14    3.91340    
0.243781E+14    3.90980    
0.247742E+14    3.90612    
0.251768E+14    3.90236    
0.255859E+14    3.89852    
0.260016E+14    3.89460    
0.264241E+14    3.89058    
0.268534E+14    3.88648    
0.272898E+14    3.88229    
0.277332E+14    3.87801    
0.281838E+14    3.87364    
0.286418E+14    3.86916    
0.291072E+14    3.86460    
0.295801E+14    3.85993    
0.300608E+14    3.85516    
0.305492E+14    3.85029    
0.310456E+14    3.84531    
0.315500E+14    3.84023    
0.320627E+14    3.83504    
0.325837E+14    3.82974    
0.331131E+14    3.82433    
0.336512E+14    3.81880    
0.341979E+14    3.81316    
0.347536E+14    3.80740    
0.353183E+14    3.80152    
0.358922E+14    3.79553    
0.364754E+14    3.78941    
0.370681E+14    3.78317    
0.376704E+14    3.77680    
0.382825E+14    3.77031    
0.389045E+14    3.76369    
0.395367E+14    3.75694    
0.401791E+14    3.75006    
0.408319E+14    3.74305    
0.414954E+14    3.73591    
0.421697E+14    3.72863    
0.428549E+14    3.72122    
0.435512E+14    3.71368    
0.442588E+14    3.70600    
0.449780E+14    3.69818    
0.457088E+14    3.69023    
0.464515E+14    3.68214    
0.472063E+14    3.67392    
0.479733E+14    3.66555    
0.487528E+14    3.65705    
0.495450E+14    3.64842    
0.503501E+14    3.63964    
0.511682E+14    3.63073    
0.519996E+14    3.62168    
0.528445E+14    3.61250    
0.537032E+14    3.60319    
0.545758E+14    3.59373    
0.554626E+14    3.58415    
0.563638E+14    3.57444    
0.572796E+14    3.56459    
0.582103E+14    3.55462    
0.591562E+14    3.54452    
0.601174E+14    3.53429    
0.610942E+14    3.52394    
0.620869E+14    3.51347    
0.630957E+14    3.50287    
0.641210E+14    3.49216    
0.651628E+14    3.48134    
0.662217E+14    3.47040    
0.672977E+14    3.45936    
0.683912E+14    3.44820    
0.695024E+14    3.43694    
0.706318E+14    3.42558    
0.717794E+14    3.41412    
0.729458E+14    3.40257    
0.741310E+14    3.39093    
0.753356E+14    3.37919    
0.765597E+14    3.36737    
0.778037E+14    3.35547    
0.790679E+14    3.34349    
0.803526E+14    3.33144    
0.816582E+14    3.31931    
0.829851E+14    3.30712    
0.843335E+14    3.29487    
0.857038E+14    3.28256    
0.870964E+14    3.27019    
0.885116E+14    3.25777    
0.899498E+14    3.24530    
0.914113E+14    3.23279    
0.928966E+14    3.22023    
0.944061E+14    3.20765    
0.959401E+14    3.19503    
0.974990E+14    3.18238    
0.990832E+14    3.16971    
0.100693E+15    3.15702    
0.102329E+15    3.14432    
0.103992E+15    3.13160    
0.105682E+15    3.11888    
0.107399E+15    3.10615    
0.109144E+15    3.09342    
0.110917E+15    3.08069    
0.112720E+15    3.06798    
0.114551E+15    3.05527    
0.116413E+15    3.04258    
0.118304E+15    3.02991    
0.120226E+15    3.01726    
0.122180E+15    3.00463    
0.124165E+15    2.99204    
0.126183E+15    2.97948    
0.128233E+15    2.96695    
0.130317E+15    2.95447    
0.132434E+15    2.94203    
0.134586E+15    2.92963    
0.136773E+15    2.91729    
0.138995E+15    2.90499    
0.141254E+15    2.89276    
0.143549E+15    2.88058    
0.145881E+15    2.86846    
0.148252E+15    2.85641    
0.150661E+15    2.84443    
0.153109E+15    2.83252    
0.155597E+15    2.82068    
0.158125E+15    2.80891    
0.160694E+15    2.79723    
0.163305E+15    2.78563    
0.165959E+15    2.77411    
0.168655E+15    2.76268    
0.171396E+15    2.75133    
0.174181E+15    2.74008    
0.177011E+15    2.72892    
0.179887E+15    2.71786    
0.182810E+15    2.70690    
0.185780E+15    2.69604    
0.188799E+15    2.68527    
0.191867E+15    2.67462    
0.194984E+15    2.66407    
0.198153E+15    2.65363    
0.201372E+15    2.64329    
0.204644E+15    2.63307    
0.207970E+15    2.62297    
0.211349E+15    2.61297    
0.214783E+15    2.60310    
0.218273E+15    2.59334    
0.221820E+15    2.58370    
0.225424E+15    2.57419    
0.229087E+15    2.56479    
0.232809E+15    2.55552    
0.236592E+15    2.54637    
0.240436E+15    2.53735    
0.244343E+15    2.52845    
0.248313E+15    2.51968    
0.252348E+15    2.51103    
0.256448E+15    2.50252    
0.260615E+15    2.49413    
0.264850E+15    2.48587    
0.269153E+15    2.47774    
0.273527E+15    2.46975    
0.277971E+15    2.46188    
0.282488E+15    2.45414    
0.287078E+15    2.44653    
0.291743E+15    2.43905    
0.296483E+15    2.43170    
0.301301E+15    2.42448    
0.306196E+15    2.41738    
0.311172E+15    2.41042    
0.316228E+15    2.40359    
0.321366E+15    2.39688    
0.326588E+15    2.39030    
0.331894E+15    2.38384    
0.337287E+15    2.37752    
0.342768E+15    2.37131    
0.348337E+15    2.36523    
0.353997E+15    2.35928    
0.359749E+15    2.35344    
0.365595E+15    2.34773    
0.371535E+15    2.34213    
0.377572E+15    2.33666    
0.383707E+15    2.33130    
0.389942E+15    2.32606    
0.396278E+15    2.32093    
0.402717E+15    2.31592    
0.409261E+15    2.31101    
0.415911E+15    2.30622    
0.422669E+15    2.30154    
0.429536E+15    2.29696    
0.436516E+15    2.29249    
0.443609E+15    2.28812    
0.450817E+15    2.28386    
0.458142E+15    2.27970    
0.465586E+15    2.27563    
0.473151E+15    2.27167    
0.480839E+15    2.26780    
0.488652E+15    2.26403    
0.496592E+15    2.26034    
0.504661E+15    2.25675    
0.512861E+15    2.25325    
0.521195E+15    2.24984    
0.529663E+15    2.24651    
0.538270E+15    2.24326    
0.547016E+15    2.24010    
0.555904E+15    2.23702    
0.564937E+15    2.23402    
0.574116E+15    2.23110    
0.583445E+15    2.22825    
0.592925E+15    2.22548    
0.602560E+15    2.22277    
0.612350E+15    2.22014    
0.622300E+15    2.21758    
0.632412E+15    2.21509    
0.642688E+15    2.21266    
0.653131E+15    2.21030    
0.663743E+15    2.20800    
0.674528E+15    2.20576    
0.685488E+15    2.20358    
0.696627E+15    2.20146    
0.707946E+15    2.19940    
0.719449E+15    2.19739    
0.731139E+15    2.19544    
0.743019E+15    2.19354    
0.755092E+15    2.19169    
0.767361E+15    2.18989    
0.779830E+15    2.18814    
0.792501E+15    2.18644    
0.805378E+15    2.18478    
0.818465E+15    2.18317    
0.831764E+15    2.18160    
0.845279E+15    2.18007    
0.859014E+15    2.17858    
0.872971E+15    2.17714    
0.887156E+15    2.17573    
0.901571E+15    2.17436    
0.916220E+15    2.17302    
0.931108E+15    2.17172    
0.946237E+15    2.17046    
0.961612E+15    2.16923    
0.977237E+15    2.16802    
0.993116E+15    2.16686    
0.100925E+16    2.16572    
0.102565E+16    2.16461    
0.104232E+16    2.16352    
0.105925E+16    2.16247    
0.107647E+16    2.16144    
0.109396E+16    2.16043    
0.111173E+16    2.15945    
0.112980E+16    2.15850    
0.114815E+16    2.15756    
0.116681E+16    2.15665    
0.118577E+16    2.15576    
0.120504E+16    2.15489    
0.122462E+16    2.15403    
0.124451E+16    2.15320    
0.126474E+16    2.15238    
0.128529E+16    2.15158    
0.130617E+16    2.15080    
0.132739E+16    2.15003    
0.134896E+16    2.14928    
0.137088E+16    2.14854    
0.139316E+16    2.14782    
0.141579E+16    2.14710    
0.143880E+16    2.14640    
0.146218E+16    2.14571    
0.148594E+16    2.14503    
0.151008E+16    2.14436    
0.153462E+16    2.14370    
0.155955E+16    2.14305    
0.158489E+16    2.14241    
0.161065E+16    2.14177    
0.163682E+16    2.14114    
0.166341E+16    2.14052    
0.169044E+16    2.13990    
0.171791E+16    2.13929    
0.174582E+16    2.13868    
0.177419E+16    2.13807    
0.180302E+16    2.13747    
0.183231E+16    2.13687    
0.186209E+16    2.13627    
0.189234E+16    2.13568    
0.192309E+16    2.13508    
0.195434E+16    2.13449    
0.198609E+16    2.13389    
0.201837E+16    2.13330    
0.205116E+16    2.13270    
0.208449E+16    2.13210    
0.211836E+16    2.13150    
0.215278E+16    2.13089    
0.218776E+16    2.13028    
0.222331E+16    2.12967    
0.225944E+16    2.12905    
0.229615E+16    2.12842    
0.233346E+16    2.12779    
0.237137E+16    2.12715    
0.240991E+16    2.12651    
0.244906E+16    2.12586    
0.248886E+16    2.12519    
0.252930E+16    2.12452    
0.257040E+16    2.12384    
0.261216E+16    2.12315    
0.265461E+16    2.12244    
0.269774E+16    2.12173    
0.274157E+16    2.12100    
0.278612E+16    2.12026    
0.283139E+16    2.11950    
0.287740E+16    2.11873    
0.292415E+16    2.11794    
0.297167E+16    2.11714    
0.301995E+16    2.11632    
0.306902E+16    2.11549    
0.311889E+16    2.11463    
0.316957E+16    2.11376    
0.322107E+16    2.11286    
0.327341E+16    2.11195    
0.332660E+16    2.11101    
0.338065E+16    2.11005    
0.343558E+16    2.10907    
0.349140E+16    2.10807    
0.354813E+16    2.10704    
0.360579E+16    2.10598    
0.366438E+16    2.10490    
0.372392E+16    2.10379    
0.378443E+16    2.10265    
0.384592E+16    2.10148    
0.390841E+16    2.10028    
0.397192E+16    2.09905    
0.403645E+16    2.09779    
0.410204E+16    2.09649    
0.416869E+16    2.09516    
0.423643E+16    2.09380    
0.430527E+16    2.09239    
0.437522E+16    2.09095    
0.444631E+16    2.08948    
0.451856E+16    2.08796    
0.459198E+16    2.08640    
0.466659E+16    2.08480    
0.474242E+16    2.08315    
0.481948E+16    2.08147    
0.489779E+16    2.07973    
0.497737E+16    2.07795    
0.505825E+16    2.07613    
0.514044E+16    2.07425    
0.522396E+16    2.07232    
0.530884E+16    2.07034    
0.539511E+16    2.06831    
0.548277E+16    2.06623    
0.557186E+16    2.06409    
0.566239E+16    2.06189    
0.575440E+16    2.05963    
0.584790E+16    2.05732    
0.594292E+16    2.05494    
0.603949E+16    2.05251    
0.613762E+16    2.05001    
0.623735E+16    2.04744    
0.633870E+16    2.04481    
0.644169E+16    2.04212    
0.654636E+16    2.03935    
0.665273E+16    2.03652    
0.676083E+16    2.03361    
0.687068E+16    2.03063    
0.698232E+16    2.02758    
0.709578E+16    2.02446    
0.721107E+16    2.02126    
0.732825E+16    2.01798    
0.744732E+16    2.01462    
0.756833E+16    2.01118    
0.769130E+16    2.00766    
0.781628E+16    2.00406    
0.794328E+16    2.00038    
0.807235E+16    1.99661    
0.820352E+16    1.99276    
0.833681E+16    1.98883    
0.847227E+16    1.98480    
0.860994E+16    1.98069    
0.874984E+16    1.97649    
0.889201E+16    1.97220    
0.903649E+16    1.96781    
0.918333E+16    1.96334    
0.933254E+16    1.95878    
0.948418E+16    1.95412    
0.963829E+16    1.94937    
0.979490E+16    1.94453    
0.995405E+16    1.93959    
0.101158E+17    1.93456    
0.102802E+17    1.92944    
0.104472E+17    1.92422    
0.106170E+17    1.91891    
0.107895E+17    1.91350    
0.109648E+17    1.90800    
0.111429E+17    1.90241    
0.113240E+17    1.89672    
0.115080E+17    1.89094    
0.116950E+17    1.88507    
0.118850E+17    1.87910    
0.120781E+17    1.87304    
0.122744E+17    1.86689    
0.124738E+17    1.86066    
0.126765E+17    1.85433    
0.128825E+17    1.84791    
0.130918E+17    1.84141    
0.133045E+17    1.83483    
0.135207E+17    1.82816    
0.137404E+17    1.82140    
0.139637E+17    1.81457    
0.141906E+17    1.80766    
0.144212E+17    1.80067    
0.146555E+17    1.79360    
0.148936E+17    1.78646    
0.151356E+17    1.77925    
0.153815E+17    1.77197    
0.156315E+17    1.76463    
0.158855E+17    1.75722    
0.161436E+17    1.74974    
0.164059E+17    1.74221    
0.166725E+17    1.73462    
0.169434E+17    1.72698    
0.172187E+17    1.71928    
0.174985E+17    1.71154    
0.177828E+17    1.70375    
0.180717E+17    1.69591    
0.183654E+17    1.68804    
0.186638E+17    1.68013    
0.189671E+17    1.67219    
0.192752E+17    1.66421    
0.195884E+17    1.65621    
0.199067E+17    1.64819    
0.202302E+17    1.64014    
0.205589E+17    1.63207    
0.208930E+17    1.62399    
0.212324E+17    1.61590    
0.215774E+17    1.60780    
0.219280E+17    1.59969    
0.222844E+17    1.59159    
0.226464E+17    1.58348    
0.230144E+17    1.57538    
0.233884E+17    1.56729    
0.237684E+17    1.55921    
0.241546E+17    1.55114    
0.245471E+17    1.54309    
0.249459E+17    1.53506    
0.253513E+17    1.52705    
0.257632E+17    1.51907    
0.261818E+17    1.51112    
0.266073E+17    1.50320    
0.270396E+17    1.49532    
0.274789E+17    1.48747    
0.279254E+17    1.47966    
0.283792E+17    1.47190    
0.288403E+17    1.46418    
0.293089E+17    1.45651    
0.297852E+17    1.44889    
0.302691E+17    1.44133    
0.307610E+17    1.43382    
0.312608E+17    1.42636    
0.317687E+17    1.41897    
0.322849E+17    1.41163    
0.328095E+17    1.40436    
0.333426E+17    1.39715    
0.338844E+17    1.39001    
0.344350E+17    1.38294    
0.349945E+17    1.37594    
0.355631E+17    1.36901    
0.361410E+17    1.36215    
0.367282E+17    1.35537    
0.373250E+17    1.34866    
0.379315E+17    1.34203    
0.385478E+17    1.33548    
0.391742E+17    1.32900    
0.398107E+17    1.32261    
0.404576E+17    1.31629    
0.411150E+17    1.31006    
0.417830E+17    1.30390    
0.424620E+17    1.29783    
0.431519E+17    1.29184    
0.438531E+17    1.28593    
0.445656E+17    1.28011    
0.452898E+17    1.27437    
0.460257E+17    1.26872    
0.467735E+17    1.26315    
0.475335E+17    1.25766    
0.483059E+17    1.25225    
0.490908E+17    1.24693    
0.498884E+17    1.24170    
0.506991E+17    1.23655    
0.515229E+17    1.23148    
0.523600E+17    1.22649    
0.532108E+17    1.22159    
0.540754E+17    1.21677    
0.549541E+17    1.21203    
0.558470E+17    1.20738    
0.567545E+17    1.20280    
0.576766E+17    1.19831    
0.586138E+17    1.19390    
0.595662E+17    1.18956    
0.605341E+17    1.18531    
0.615177E+17    1.18113    
0.625173E+17    1.17703    
0.635331E+17    1.17301    
0.645654E+17    1.16906    
0.656145E+17    1.16519    
0.666807E+17    1.16139    
0.677642E+17    1.15766    
0.688652E+17    1.15401    
0.699842E+17    1.15043    
0.711214E+17    1.14692    
0.722770E+17    1.14349    
0.734514E+17    1.14012    
0.746449E+17    1.13682    
0.758578E+17    1.13358    
0.770903E+17    1.13041    
0.783430E+17    1.12731    
0.796159E+17    1.12428    
0.809096E+17    1.12130    
0.822243E+17    1.11839    
0.835603E+17    1.11554    
0.849180E+17    1.11275    
0.862979E+17    1.11002    
0.877001E+17    1.10735    
0.891251E+17    1.10474    
0.905733E+17    1.10219    
0.920450E+17    1.09969    
0.935406E+17    1.09724    
0.950605E+17    1.09485    
0.966051E+17    1.09251    
0.981748E+17    1.09023    
0.997700E+17    1.08799    
0.101391E+18    1.08581    
0.103039E+18    1.08368    
0.104713E+18    1.08159    
0.106414E+18    1.07955    
0.108143E+18    1.07756    
0.109901E+18    1.07561    
0.111686E+18    1.07371    
0.113501E+18    1.07186    
0.115345E+18    1.07004    
0.117220E+18    1.06827    
0.119124E+18    1.06654    
0.121060E+18    1.06485    
0.123027E+18    1.06320    
0.125026E+18    1.06159    
0.127057E+18    1.06002    
0.129122E+18    1.05848    
0.131220E+18    1.05698    
0.133352E+18    1.05552    
0.135519E+18    1.05409    
0.137721E+18    1.05270    
0.139959E+18    1.05134    
0.142233E+18    1.05001    
0.144544E+18    1.04872    
0.146893E+18    1.04745    
0.149279E+18    1.04622    
0.151705E+18    1.04502    
0.154170E+18    1.04385    
0.156675E+18    1.04270    
0.159221E+18    1.04159    
0.161808E+18    1.04050    
0.164437E+18    1.03944    
0.167109E+18    1.03840    
0.169824E+18    1.03739    
0.172584E+18    1.03641    
0.175388E+18    1.03545    
0.178238E+18    1.03451    
0.181134E+18    1.03360    
0.184077E+18    1.03271    
0.187068E+18    1.03184    
0.190108E+18    1.03100    
0.193197E+18    1.03017    
0.196336E+18    1.02937    
0.199526E+18    1.02859    
0.202768E+18    1.02782    
0.206063E+18    1.02708    
0.209411E+18    1.02635    
0.212814E+18    1.02565    
0.216272E+18    1.02496    
0.219786E+18    1.02429    
0.223357E+18    1.02363    
0.226986E+18    1.02300    
0.230675E+18    1.02238    
0.234423E+18    1.02177    
0.238232E+18    1.02118    
0.242103E+18    1.02061    
0.246037E+18    1.02005    
0.250035E+18    1.01951    
0.254097E+18    1.01898    
0.258226E+18    1.01846    
0.262422E+18    1.01796    
0.266686E+18    1.01747    
0.271019E+18    1.01699    
0.275423E+18    1.01652    
0.279898E+18    1.01607    
0.284446E+18    1.01563    
0.289068E+18    1.01520    
0.293765E+18    1.01478    
0.298538E+18    1.01438    
0.303389E+18    1.01398    
0.308319E+18    1.01359    
0.313329E+18    1.01322    
0.318420E+18    1.01285    
0.323594E+18    1.01250    
0.328852E+18    1.01215    
0.334195E+18    1.01181    
0.339625E+18    1.01148    
0.345144E+18    1.01116    
0.350752E+18    1.01085    
0.356451E+18    1.01055    
0.362243E+18    1.01026    
0.368129E+18    1.00997    
0.374111E+18    1.00969    
0.380189E+18    1.00942    
0.386367E+18    1.00915    
0.392645E+18    1.00890    
0.399025E+18    1.00865    
0.405509E+18    1.00840    
0.412098E+18    1.00817    
0.418794E+18    1.00794    
0.425598E+18    1.00771    
0.432514E+18    1.00749    
0.439542E+18    1.00728    
0.446684E+18    1.00707    
0.453942E+18    1.00687    
0.461318E+18    1.00668    
0.468813E+18    1.00649    
0.476431E+18    1.00630    
0.484172E+18    1.00612    
0.492040E+18    1.00595    
0.500035E+18    1.00578    
0.508159E+18    1.00561    
0.516416E+18    1.00545    
0.524807E+18    1.00530    
0.533335E+18    1.00515    
0.542001E+18    1.00500    
0.550808E+18    1.00485    
0.559758E+18    1.00471    
0.568853E+18    1.00458    
0.578096E+18    1.00445    
0.587489E+18    1.00432    
0.597035E+18    1.00419    
0.606736E+18    1.00407    
0.616595E+18    1.00396    
0.626614E+18    1.00384    
0.636796E+18    1.00373    
0.647143E+18    1.00362    
0.657658E+18    1.00352    
0.668344E+18    1.00341    
0.679204E+18    1.00332    
0.690240E+18    1.00322    
0.701455E+18    1.00312    
0.712853E+18    1.00303    
0.724436E+18    1.00295    
0.736207E+18    1.00286    
0.748170E+18    1.00278    
0.760326E+18    1.00269    
0.772681E+18    1.00262    
0.785236E+18    1.00254    
0.797995E+18    1.00246    
0.810961E+18    1.00239    
0.824138E+18    1.00232    
0.837529E+18    1.00225    
0.851138E+18    1.00219    
0.864968E+18    1.00212    
0.879023E+18    1.00206    
0.893305E+18    1.00200    
0.907821E+18    1.00194    
0.922571E+18    1.00188    
0.937562E+18    1.00183    
0.952796E+18    1.00177    
0.968278E+18    1.00172    
0.984011E+18    1.00167    
