1.000000000000000056e-01 1.989438027509375373e-01 2.260728697889611422e-02 5.740849120486868004e-03 1.970850502248661183e-03 7.841786645725807355e-04 3.385478685163643194e-04 1.534707583174923563e-04 7.177564571162105018e-05 3.428781569984604621e-05 1.663180756232744161e-05 1.297872686386108398e+01
8.912509381337455072e-02 2.232185667359773140e-01 2.561905017266359261e-02 6.608747539446897627e-03 2.315679884489945869e-03 9.441048101254505276e-04 4.189391472146589829e-04 1.956468700568234390e-04 9.441066531485907171e-05 4.658246032622725242e-05 2.335266861788968108e-05 1.279382443428039551e+01
7.943282347242813790e-02 2.504553247905055291e-01 2.900314316680431548e-02 7.588806344342747916e-03 2.708941777194443651e-03 1.129278989405169175e-03 5.139133189744104265e-04 2.466959724073540289e-04 1.225661434965053193e-04 6.233230490014655186e-05 3.223155145439402717e-05 1.880464720726013184e+01
7.079457843841380216e-02 2.810154761355835307e-01 3.280457681401272724e-02 8.694288919965442036e-03 3.156267202498929444e-03 1.342684823771079583e-03 6.253188983140687803e-04 3.078883991354155591e-04 1.571631483758378065e-04 8.221599688426876223e-05 4.376577582065907746e-05 1.994213700294494629e+01
6.309573444801933051e-02 3.153045425828354675e-01 3.707389010227046811e-02 9.940080955374954938e-03 3.663945633642183477e-03 1.587618205010755176e-03 7.551695255457904592e-04 3.805960693390132363e-04 1.991991290306154580e-04 1.069789937218703659e-04 5.851413687307306552e-05 2.124643826484680176e+01
5.623413251903491145e-02 3.537775025513899552e-01 4.186780910251211574e-02 1.134290573311043382e-02 4.239032236371956947e-03 1.867751053388991321e-03 9.056824942834031545e-04 4.663137494633617518e-04 2.497580309496754834e-04 1.374378356564127934e-04 7.709917047132476141e-05 2.236419248580932617e+01
5.011872336272722023e-02 3.969448733102587390e-01 4.725001930625651048e-02 1.292155424584978847e-02 4.889447830724305208e-03 2.187185387335327351e-03 1.079310687749650190e-03 5.666770096462783735e-04 3.100188849154967403e-04 1.744833410354093475e-04 1.002082074045191235e-04 2.454412937164306641e+01
4.466835921509629964e-02 4.453794622980681295e-01 5.329198491689813438e-02 1.469709212823062938e-02 5.624040198217035089e-03 2.550469090252469647e-03 1.278742245213443547e-03 6.834551013869023675e-04 3.812454321701130096e-04 2.190693020852410848e-04 1.285830766307318287e-04 2.569641613960266113e+01
3.981071705534973415e-02 4.997239644843980422e-01 6.007392471544295565e-02 1.669320104274485753e-02 6.452768908087058893e-03 2.962716238880057449e-03 1.506983847142631585e-03 8.186083507821215232e-04 4.648240534081894042e-04 2.722361812530078016e-04 1.630342667054960649e-04 2.840980768203735352e+01
3.548133892335755130e-02 5.606995030253050238e-01 6.768586773315669880e-02 1.893646075389051123e-02 7.386801413116738865e-03 3.429642860805732791e-03 1.767374256005313027e-03 9.742922770150293796e-04 5.622627821946632118e-04 3.351069227155766342e-04 2.044350562666815167e-04 2.995410799980163574e+01
3.162277660168379134e-02 6.291151813934584558e-01 7.622884331554675985e-02 2.145670924323861417e-02 8.438671902862458427e-03 3.957653240374908558e-03 2.063637272966890087e-03 1.152891863321059678e-03 6.752131093147845748e-04 4.088996434280474444e-04 2.537276769990867058e-04 3.403390622138977051e+01
2.818382931264453578e-02 7.058788364529395842e-01 8.581623639353129496e-02 2.428745491549909666e-02 9.622464813572224190e-03 4.553941264021658421e-03 2.399945684384519225e-03 1.357064971810394800e-03 8.054999507355077842e-04 4.949476261571319254e-04 3.119356846498721699e-04 3.723077297210693359e+01
2.511886431509579437e-02 7.920090751364304849e-01 9.657528392940721573e-02 2.746631212244043246e-02 1.095399304667467322e-02 5.226578671845815045e-03 2.780971134306250720e-03 1.589773349955321069e-03 9.551418147251899363e-04 5.947121168039828888e-04 3.801712111150050378e-04 3.881839489936828613e+01
2.238721138568339902e-02 8.886487921766774711e-01 1.086487653715167007e-01 3.103550422750570373e-02 1.245101265998365368e-02 5.984627261985578373e-03 3.211951097359465757e-03 1.854326441247503921e-03 1.126380997033104040e-03 7.098032823406529804e-04 4.596489425858606018e-04 4.297027564048767090e+01
1.995262314968878833e-02 9.970803400770394953e-01 1.221969025545007886e-01 3.504242961550258634e-02 1.413346527435765769e-02 6.838266265420081709e-03 3.698765435806786617e-03 2.154431986661580183e-03 1.321719172764136609e-03 8.420059082175914648e-04 5.517044678847827588e-04 4.632548642158508301e+01
1.778279410038922925e-02 1.118742537543327975e+00 1.373994789466872202e-01 3.954028548610592081e-02 1.602373802163869002e-02 7.798923548540170891e-03 4.248011474292036523e-03 2.494243196627178236e-03 1.543949217810870874e-03 9.933018048205709011e-04 6.578101504684931260e-04 5.584887790679931641e+01
1.584893192461113431e-02 1.255249768377877828e+00 1.544582304898632630e-01 4.458877873423726379e-02 1.814696600292413711e-02 8.879432714640325686e-03 4.867096861612968915e-03 2.878418971280931760e-03 1.796197052237241036e-03 1.165900262265384202e-03 7.795977481058721011e-04 5.813391876220703125e+01
1.412537544622754007e-02 1.408413401865351799e+00 1.735995236446044310e-01 5.025492000419174571e-02 2.053136873016916594e-02 1.009420695510701224e-02 5.564341744168217925e-03 3.312189774593965463e-03 2.081967232987667459e-03 1.362271310078524023e-03 9.188834588049007599e-04 6.174690151214599609e+01
1.258925411794167490e-02 1.580265825105612532e+00 1.950773561438246262e-01 5.661391142336614363e-02 2.320862371248484657e-02 1.145942998968157642e-02 6.349089331482376738e-03 3.801427651750853391e-03 2.405190501884120827e-03 1.585179856472433702e-03 1.077693437507278463e-03 7.061085605621337891e+01
1.122018454301963036e-02 1.773087415528043609e+00 2.191767296859141456e-01 6.375014593318086009e-02 2.621428819626990189e-02 1.299327230797242723e-02 7.231831467850716698e-03 4.352725861179575564e-03 2.770277823538342364e-03 1.837724417825922947e-03 1.258292762321320916e-03 7.971859169006347656e+01
1.000000000000000021e-02 1.989436798923386096e+00 2.462174310724151716e-01 7.175832757989192290e-02 2.958827204737028704e-02 1.471613377132528593e-02 8.224349606320097150e-03 4.973488289534485664e-03 3.182181001754302938e-03 2.123380478709197949e-03 1.463217833914802609e-03 8.807723116874694824e+01
8.912509381337458889e-03 2.232184800063616414e+00 2.765582773788598514e-01 8.074472920618779026e-02 3.337536907677047388e-02 1.665091654083855621e-02 9.339873657311819830e-03 5.672030364614912695e-03 3.646461161495292546e-03 2.446049489330069139e-03 1.695312997366393718e-03 9.857617044448852539e+01
7.943282347242813790e-03 2.504552537393299083e+00 3.106018742271512978e-01 9.082860179731977457e-02 3.762585042831868148e-02 1.882332805809417905e-02 1.059325678890886240e-02 6.457688833641015216e-03 4.169362202984258116e-03 2.810110568220789209e-03 1.957768520561963248e-03 1.088936393260955811e+02
7.079457843841373450e-03 2.810154165067364040e+00 3.487999614066326637e-01 1.021437582275689926e-01 4.239613367776572106e-02 2.126222464232615725e-02 1.200117523998503986e-02 7.340948480069073821e-03 4.757896507597714035e-03 3.220481478410809097e-03 2.254165823831258669e-03 1.211337058544158936e+02
6.309573444801930275e-03 3.153044831043235074e+00 3.916594055746674408e-01 1.148403485936469459e-01 4.774953115750365379e-02 2.399999421423206283e-02 1.358234957420485431e-02 8.333581360479160038e-03 5.419938228755158925e-03 3.682684269218413926e-03 2.588525566295926325e-03 1.373119647502899170e+02
5.623413251903490971e-03 3.537774486271329621e+00 4.397489261508461533e-01 1.290868529297694578e-01 5.375709066531411673e-02 2.707298690557914320e-02 1.535779412116210219e-02 9.448804165738990124e-03 6.164329004648666510e-03 4.202919836099923076e-03 2.965362353985457299e-03 1.482713739871978760e+02
5.011872336272724625e-03 3.969448259464262829e+00 4.937066435168396827e-01 1.450723170616037283e-01 6.049853872255878118e-02 3.052199814909053663e-02 1.735109676528072409e-02 1.070145467413506461e-02 7.000996440189543452e-03 4.788151417949472813e-03 3.389745917875248895e-03 1.638352768421173096e+02
4.466835921509630485e-03 4.453794199157964151e+00 5.542485434564727864e-01 1.630088609985142212e-01 6.806333840465210450e-02 3.439281002533918496e-02 1.958873208557161683e-02 1.210818889309078251e-02 7.941086178554797662e-03 5.446197400982047757e-03 3.867368859973530255e-03 1.887884314060211182e+02
3.981071705534969078e-03 4.997239281685948775e+00 6.221779806858246387e-01 1.831344940480901518e-01 7.655187706029607797e-02 3.873679954500445360e-02 2.210041359173544467e-02 1.368770311913095755e-02 8.997110909325308631e-03 6.185836210902392884e-03 4.404623357033899712e-03 2.085030362606048584e+02
3.548133892335753221e-03 5.606994693232452143e+00 6.983963389664511467e-01 2.057162730748964274e-01 8.607679850189944859e-02 4.361162062627339103e-02 2.491948836678527235e-02 1.546098249698661144e-02 1.018311695524863961e-02 7.016923402500627877e-03 5.008686624145111503e-03 2.429457592964172363e+02
3.162277660168379394e-03 6.291151517546336613e+00 7.839149889514228642e-01 2.310538460685870599e-01 9.676449771017427148e-02 4.908196923579213194e-02 2.808337979153448585e-02 1.745157981433101413e-02 1.151487107464407508e-02 7.950522909687177814e-03 5.687616662429536944e-03 2.760899691581726074e+02
2.818382931264454792e-03 7.058788100072101557e+00 8.798687114517523833e-01 2.594834285550308706e-01 1.087567983605094157e-01 5.522044230934351761e-02 3.163408467759502851e-02 1.968592867020892145e-02 1.301007038227748602e-02 8.999054607287755927e-03 6.450459958037738084e-03 3.080503017902374268e+02
2.511886431509579437e-03 7.920090512031526586e+00 9.875307553384174986e-01 2.913822649792333075e-01 1.222128348069829867e-01 6.210850122474717572e-02 3.561873078832406697e-02 2.219369456930823242e-02 1.468857758906297502e-02 1.017645957943616106e-02 7.307372023732434767e-03 3.568418614864349365e+02
2.238721138568337734e-03 8.886487713102138031e+00 1.108329729719591539e+00 3.271736344114014594e-01 1.373111636787489043e-01 6.983755281005336879e-02 4.009020235029715079e-02 2.500816880487760283e-02 1.657268488108400162e-02 1.149838547925565585e-02 8.269752566263364330e-03 4.232948634624481201e+02
1.995262314968878920e-03 9.970803207061761597e+00 1.243868563754497725e+00 3.673324673726495182e-01 1.542521334206606587e-01 7.851016251963419124e-02 4.510784212677557137e-02 2.816671061410870938e-02 1.868741018402782575e-02 1.298239467247255807e-02 9.350397295927419597e-03 5.131514956951141357e+02
1.778279410038922752e-03 1.118742520177326405e+01 1.395945776005978800e+00 4.123916478443793721e-01 1.732605428129216085e-01 8.824141549322041256e-02 5.073823900505027712e-02 3.171124312503551673e-02 2.106082941068716449e-02 1.464819760686992579e-02 1.056366808600971326e-02 6.023470537662506104e+02
1.584893192461114082e-03 1.255249753195675844e+01 1.566579338793516962e+00 4.629490843304010506e-01 1.945886239689289254e-01 9.916044376998522925e-02 5.705611175160554827e-02 3.568880987078499462e-02 2.372444928676742740e-02 1.651791468217348596e-02 1.192568390942959702e-02 7.099293496608734131e+02
1.412537544622753964e-03 1.408413387806982442e+01 1.758033455472324924e+00 5.196756437580625221e-01 2.185193893523821040e-01 1.114121398858618772e-01 6.414530062855758330e-02 4.015219922510158274e-02 2.671362567347929790e-02 1.861637006790879331e-02 1.345453505991806541e-02 8.375787565708160400e+02
1.258925411794166189e-03 1.580265812384736712e+01 1.972848605926362353e+00 5.833240534937333965e-01 2.453703872229981431e-01 1.251590795885534901e-01 7.209988002548180230e-02 4.516064504089385007e-02 3.006803293337067737e-02 2.097142136302185614e-02 1.517052349458436998e-02 9.785879280567169189e+02
1.122018454301963036e-03 1.773087404189839233e+01 2.213875257191117107e+00 6.547388895918513363e-01 2.754979153452436491e-01 1.405836791866139357e-01 8.102540687462798930e-02 5.078061279349124074e-02 3.383219057241595301e-02 2.361432947622451109e-02 1.709643249107066498e-02 1.177630846738815308e+03
1.000000000000000021e-03 1.989436788592013983e+01 2.484311686558285270e+00 7.348677838153225839e-01 3.093017488743106114e-01 1.578906161614144765e-01 9.104032141839504821e-02 5.708668166419327006e-02 3.805605415094219512e-02 2.658017363954807630e-02 1.925782920156495631e-02 1.404212386131286621e+03
8.912509381337449564e-04 2.232184790474263636e+01 2.787746420774275258e+00 8.247739981423671818e-01 3.472304451551432303e-01 1.773095451621822805e-01 1.022775189170971599e-01 6.416253426999429799e-02 4.279567830587006211e-02 2.990831706355149763e-02 2.168340411959979522e-02 1.672123234748840332e+03
7.943282347242813140e-04 2.504552528335434047e+01 3.128205854104551431e+00 9.256505336194046363e-01 3.897872958287830758e-01 1.990981454267402029e-01 1.148861131559836962e-01 7.210206717625523842e-02 4.811396068601104387e-02 3.364292941697585859e-02 2.440535196775433374e-02 1.994757806062698364e+03
7.079457843841380172e-04 2.810154156574818174e+01 3.510207676380548758e+00 1.038835960758881516e+00 4.375370052208870097e-01 2.235455400606304877e-01 1.290334151484355263e-01 8.101063692523476079e-02 5.408147666971034606e-02 3.783357306196243053e-02 2.745979905870691781e-02 2.500436002254486084e+03
6.309573444801929842e-04 3.153044823124216478e+01 3.938820821011088213e+00 1.165832181557545866e+00 4.911131836362821468e-01 2.509761325518926611e-01 1.449071532971110687e-01 9.100645812024177328e-02 6.077741594686109083e-02 4.253586082966898801e-02 3.088728280619268407e-02 2.797581304311752319e+03
5.623413251903490971e-04 3.537774478800898237e+01 4.419732721932973618e+00 1.308324358842601232e+00 5.512267550100392599e-01 2.817539114472390471e-01 1.627179644898372468e-01 1.022221721331434546e-01 6.829063340872561227e-02 4.781219407972282093e-02 3.473328976340412516e-02 3.465816079616546631e+03
5.011872336272719854e-04 3.969448252385557652e+01 4.959324789710040093e+00 1.468203277342574387e+00 6.186753904275196225e-01 3.162872802636100822e-01 1.827021891431133693e-01 1.148066072116621927e-01 7.672082825336844214e-02 5.373259080229681600e-02 3.904885929514673865e-02 4.252504119157791138e+03
4.466835921509630485e-04 4.453794192583224287e+01 5.564757083408651717e+00 1.647590433267298371e+00 6.943540927590897693e-01 3.550344767871629337e-01 2.051250073393350026e-01 1.289267533962974721e-01 8.617986700442425985e-02 6.037561480080888554e-02 4.389126094185780841e-02 5.081671778917312622e+03
3.981071705534969187e-04 4.997239275748803777e+01 6.244063319815070123e+00 1.848866185272981744e+00 7.792670728101157573e-01 3.985096536247569876e-01 2.302839576304723523e-01 1.447699784138981594e-01 9.679326796234914709e-02 6.782941825043828366e-02 4.932475443089626849e-02 6.357922627210617065e+03
3.548133892335753221e-04 5.606994687957323009e+01 7.006257481011002319e+00 2.074701340375888048e+00 8.745410745906683214e-01 4.472897007069538411e-01 2.585128852135510358e-01 1.625465139638466172e-01 1.087018667979213066e-01 7.619291147827103594e-02 5.542144243141705617e-02 7.766579005241394043e+03
3.162277660168379394e-04 6.291151513063206124e+01 7.861453421254807061e+00 2.328092593942642896e+00 9.814403265353347505e-01 5.020219002842170042e-01 2.901863718784121193e-01 1.824922453985477755e-01 1.220636853993290610e-01 8.557707549707732619e-02 6.226222737794834261e-02 9.934494555473327637e+03
